003740
003741
003742
003743
003744
003745
003746
003747
003748
003749
003750
003751
003752
003753
003754
003755
003756
003757
003758
003759
003760
003761
003762
003763
003764
003765
003766
003767
003768
003769
003770
003771
003772
003773
003774
003775
003776
003777
003778
003779
003780
003781
003782
003783
003784
003785
003786
003787
003788
003789
003790
003791
003792
003793
003794
003795
003796
003797
003798
003799
003800
003801
003802
003803
003804
003805
003806
003807
003808
003809
003810
003811
003812
003813
003814
003815
003816
003817
003818
003819
003820
003821
003822
003823
003824
003825
003826
003827
003828
003829
003830
003831
003832
003833
003834
003835
003836
003837
003838
003839
003840
003841
003842
003843
003844
003845
003846
003847
003848
003849
003850
003851
003852
003853
003854
003855
003856
003857
003858
003859
003860
003861
003862
003863
003864
003865
003866
003867
003868
003869
003870
003871
003872
003873
003874
003875
003876
003877
003878
003879
003880
003881
003882
003883
003884
003885
003886
003887
003888
003889
003890
003891
003892
003893
003894
003895
003896
003897
003898
003899
003900
003901
003902
003903
003904
003905
003906
003907
003908
003909
003910
003911
003912
003913
003914
003915
003916
003917
003918
003919
003920
003921
003922
003923
003924
003925
003926
003927
003928
003929
003930
003931
003932
003933
003934
003935
003936
003937
003938
003939
003940
003941
003942
003943
003944
003945
003946
003947
003948
003949
003950
003951
003952
003953
003954
003955
003956
003957
003958
003959
003960
003961
003962
003963
003964
003965
003966
003967
003968
003969
003970
003971
003972
003973
003974
003975
003976
003977
003978
003979
003980
003981
003982
003983
003984
003985
003986
003987
003988
003989
003990
003991
003992
003993
003994
003995
003996
003997
003998
003999
004000
004001
004002
004003
004004
004005
004006
004007
004008
004009
004010
004011
004012
004013
004014
004015
004016
004017
004018
004019
004020
004021
004022
004023
004024
004025
004026
004027
004028
004029
004030
004031
004032
004033
004034
004035
004036
004037
004038
004039
004040
004041
004042
004043
004044
004045
004046
004047
004048
004049
004050
004051
004052
004053
004054
004055
004056
004057
004058
004059
004060
004061
004062
004063
004064
004065
004066
004067
004068
004069
004070
004071
004072
004073
004074
004075
004076
004077
004078
004079
004080
004081
004082
004083
004084
004085
004086
004087
004088
004089
004090
004091
004092
004093
004094
004095
004096
004097
004098
004099
004100
004101
004102
004103
004104
004105
004106
004107
004108
004109
004110
004111
004112
004113
004114
004115
004116
004117
004118
004119
004120
004121
004122
004123
004124
004125
004126
004127
004128
004129
004130
004131
004132
004133
004134
004135
004136
004137
004138
004139
004140
004141
004142
004143
004144
004145
004146
004147
004148
004149
004150
004151
004152
004153
004154
004155
004156
004157
004158
004159
004160
004161
004162
004163
004164
004165
004166
004167
004168
004169
004170
004171
004172
004173
004174
004175
004176
004177
004178
004179
004180
004181
004182
004183
004184
004185
004186
004187
004188
004189
004190
004191
004192
004193
004194
004195
004196
004197
004198
004199
004200
004201
004202
004203
004204
004205
004206
004207
004208
004209
004210
004211
004212
004213
004214
004215
004216
004217
004218
004219
004220
004221
004222
004223
004224
004225
004226
004227
004228
004229
004230
004231
004232
004233
004234
004235
004236
004237
004238
004239
004240
004241
004242
004243
004244
004245
004246
004247
004248
004249
004250
004251
004252
004253
004254
004255
004256
004257
004258
004259
004260
004261
004262
004263
004264
004265
004266
004267
004268
004269
004270
004271
004272
004273
004274
004275
004276
004277
004278
004279
004280
004281
004282
004283
004284
004285
004286
004287
004288
004289
004290
004291
004292
004293
004294
004295
004296
004297
004298
004299
004300
004301
004302
004303
004304
004305
004306
004307
004308
004309
004310
004311
004312
004313
004314
004315
004316
004317
004318
004319
004320
004321
004322
004323
004324
004325
004326
004327
004328
004329
004330
004331
004332
004333
004334
004335
004336
004337
004338
004339
004340
004341
004342
004343
004344
004345
004346
004347
004348
004349
004350
004351
004352
004353
004354
004355
004356
004357
004358
004359
004360
004361
004362
004363
004364
004365
004366
004367
004368
004369
004370
004371
004372
004373
004374
004375
004376
004377
004378
004379
004380
004381
004382
004383
004384
004385
004386
004387
004388
004389
004390
004391
004392
004393
004394
004395
004396
004397
004398
004399
004400
004401
004402
004403
004404
004405
004406
004407
004408
004409
004410
004411
004412
004413
004414
004415
004416
004417
004418
004419
004420
004421
004422
004423
004424
004425
004426
004427
004428
004429
004430
004431
004432
004433
004434
004435
004436
004437
004438
004439
004440
004441
004442
004443
004444
004445
004446
004447
004448
004449
004450
004451
004452
004453
004454
004455
004456
004457
004458
004459
004460
004461
004462
004463
004464
004465
004466
004467
004468
004469
004470
004471
004472
004473
004474
004475
004476
004477
004478
004479
004480
004481
004482
004483
004484
004485
004486
004487
004488
004489
004490
004491
004492
004493
004494
004495
004496
004497
004498
004499
004500
004501
004502
004503
004504
004505
004506
004507
004508
004509
004510
004511
004512
004513
004514
004515
004516
004517
004518
004519
004520
004521
004522
004523
004524
004525
004526
004527
004528
004529
004530
004531
004532
004533
004534
004535
004536
004537
004538
004539
004540
004541
004542
004543
004544
004545
004546
004547
004548
004549
004550
004551
004552
004553
004554
004555
004556
004557
004558
004559
004560
004561
004562
004563
004564
004565
004566
004567
004568
004569
004570
004571
004572
004573
004574
004575
004576
004577
004578
004579
004580
004581
004582
004583
004584
004585
004586
004587
004588
004589
004590
004591
004592
004593
004594
004595
004596
004597
004598
004599
004600
004601
004602
004603
004604
004605
004606
004607
004608
004609
004610
004611
004612
004613
004614
004615
004616
004617
004618
004619
004620
004621
004622
004623
004624
004625
004626
004627
004628
004629
004630
004631
004632
004633
004634
004635
004636
004637
004638
004639
004640
004641
004642
004643
004644
004645
004646
004647
004648
004649
004650
004651
004652
004653
004654
004655
004656
004657
004658
004659
004660
004661
004662
004663
004664
004665
004666
004667
004668
004669
004670
004671
004672
004673
004674
004675
004676
004677
004678
004679
004680
004681
004682
004683
004684
004685
004686
004687
004688
004689
004690
004691
004692
004693
004694
004695
004696
004697
004698
004699
004700
004701
004702
004703
004704
004705
004706
004707
004708
004709
004710
004711
004712
004713
004714
004715
004716
004717
004718
004719
004720
004721
004722
004723
004724
004725
004726
004727
004728
004729
004730
004731
004732
004733
004734
004735
004736
004737
004738
004739
004740
004741
004742
004743
004744
004745
004746
004747
004748
004749
004750
004751
004752
004753
004754
004755
004756
004757
004758
004759
004760
004761
004762
004763
004764
004765
004766
004767
004768
004769
004770
004771
004772
004773
004774
004775
004776
004777
004778
004779
004780
004781
004782
004783
004784
004785
004786
004787
004788
004789
004790
004791
004792
004793
004794
004795
004796
004797
004798
004799
004800
004801
004802
004803
004804
004805
004806
004807
004808
004809
004810
004811
004812
004813
004814
004815
004816
004817
004818
004819
004820
004821
004822
004823
004824
004825
004826
004827
004828
004829
004830
004831
004832
004833
004834
004835
004836
004837
004838
004839
004840
004841
004842
004843
004844
004845
004846
004847
004848
004849
004850
004851
004852
004853
004854
004855
004856
004857
004858
004859
004860
004861
004862
004863
004864
004865
004866
004867
004868
004869
004870
004871
004872
004873
004874
004875
004876
004877
004878
004879
004880
004881
004882
004883
004884
004885
004886
004887
004888
004889
004890
004891
004892
004893
004894
004895
004896
004897
004898
004899
004900
004901
004902
004903
004904
004905
004906
004907
004908
004909
004910
004911
004912
004913
004914
004915
004916
004917
004918
004919
004920
004921
004922
004923
004924
004925
004926
004927
004928
004929
004930
004931
004932
004933
004934
004935
004936
004937
004938
004939
004940
004941
004942
004943
004944
004945
004946
004947
004948
004949
004950
004951
004952
004953
004954
004955
004956
004957
004958
004959
004960
004961
004962
004963
004964
004965
004966
004967
004968
004969
004970
004971
004972
004973
004974
004975
004976
004977
004978
004979
004980
004981
004982
004983
004984
004985
004986
004987
004988
004989
004990
004991
004992
004993
004994
004995
004996
004997
004998
004999
005000
005001
005002
005003
005004
005005
005006
005007
005008
005009
005010
005011
005012
005013
005014
005015
005016
005017
005018
005019
005020
005021
005022
005023
005024
005025
005026
005027
005028
005029
005030
005031
005032
005033
005034
005035
005036
005037
005038
005039
005040
005041
005042
005043
005044
005045
005046
005047
005048
005049
005050
005051
005052
005053
005054
005055
005056
005057
005058
005059
005060
005061
005062
005063
005064
005065
005066
005067
005068
005069
005070
005071
005072
005073
005074
005075
005076
005077
005078
005079
005080
005081
005082
005083
005084
005085
005086
005087
005088
005089
005090
005091
005092
005093
005094
005095
005096
005097
005098
005099
005100
005101
005102
005103
005104
005105
005106
005107
005108
005109
005110
005111
005112
005113
005114
005115
005116
005117
005118
005119
005120
005121
005122
005123
005124
005125
005126
005127
005128
005129
005130
005131
005132
005133
005134
005135
005136
005137
005138
005139
005140
005141
005142
005143
005144
005145
005146
005147
005148
005149
005150
005151
005152
005153
005154
005155
005156
005157
005158
005159
005160
005161
005162
005163
005164
005165
005166
005167
005168
005169
005170
005171
005172
005173
005174
005175
005176
005177
005178
005179
005180
005181
005182
005183
005184
005185
005186
005187
005188
005189
005190
005191
005192
005193
005194
005195
005196
005197
005198
005199
005200
005201
005202
005203
005204
005205
005206
005207
005208
005209
005210
005211
005212
005213
005214
005215
005216
005217
005218
005219
005220
005221
005222
005223
005224
005225
005226
005227
005228
005229
005230
005231
005232
005233
005234
005235
005236
005237
005238
005239
005240
005241
005242
005243
005244
005245
005246
005247
005248
005249
005250
005251
005252
005253
005254
005255
005256
005257
005258
005259
005260
005261
005262
005263
005264
005265
005266
005267
005268
005269
005270
005271
005272
005273
005274
005275
005276
005277
005278
005279
005280
005281
005282
005283
005284
005285
005286
005287
005288
005289
005290
005291
005292
005293
005294
005295
005296
005297
005298
005299
005300
005301
005302
005303
005304
005305
005306
005307
005308
005309
005310
005311
005312
005313
005314
005315
005316
005317
005318
005319
005320
005321
005322
005323
005324
005325
005326
005327
005328
005329
005330
005331
005332
005333
005334
005335
005336
005337
005338
005339
005340
005341
005342
005343
005344
005345
005346
005347
005348
005349
005350
005351
005352
005353
005354
005355
005356
005357
005358
005359
005360
005361
005362
005363
005364
005365
005366
005367
005368
005369
005370
005371
005372
005373
005374
005375
005376
005377
005378
005379
005380
005381
005382
005383
005384
005385
005386
005387
005388
005389
005390
005391
005392
005393
005394
005395
005396
005397
005398
005399
005400
005401
005402
005403
005404
005405
005406
005407
005408
005409
005410
005411
005412
005413
005414
005415
005416
005417
005418
005419
005420
005421
005422
005423
005424
005425
005426
005427
005428
005429
005430
005431
005432
005433
005434
005435
005436
005437
005438
005439
005440
005441
005442
005443
005444
005445
005446
005447
005448
005449
005450
005451
005452
005453
005454
005455
005456
005457
005458
005459
005460
005461
005462
005463
005464
005465
005466
005467
005468
005469
005470
005471
005472
005473
005474
005475
005476
005477
005478
005479
005480
005481
005482
005483
005484
005485
005486
005487
005488
005489
005490
005491
005492
005493
005494
005495
005496
005497
005498
005499
005500
005501
005502
005503
005504
005505
005506
005507
005508
005509
005510
005511
005512
005513
005514
005515
005516
005517
005518
005519
005520
005521
005522
005523
005524
005525
005526
005527
005528
005529
005530
005531
005532
005533
005534
005535
005536
005537
005538
005539
005540
005541
005542
005543
005544
005545
005546
005547
005548
005549
005550
005551
005552
005553
005554
005555
005556
005557
005558
005559
005560
005561
005562
005563
005564
005565
005566
005567
005568
005569
005570
005571
005572
005573
005574
005575
005576
005577
005578
005579
005580
005581
005582
005583
005584
005585
005586
005587
005588
005589
005590
005591
005592
005593
005594
005595
005596
005597
005598
005599
005600
005601
005602
005603
005604
005605
005606
005607
005608
005609
